0.2	4.21468577489588
0.21000000000000002	4.400051298426056
0.22	4.573343471960166
0.23	4.733921515967724
0.24000000000000002	4.878660990284649
0.25	4.99089117490501
0.26	4.983208371221601
0.27	4.425676858602072
0.28	1.8447839216470945
0.29	4.407509473508793
0.3	127.97592553790322
0.31	429.41164109621656
0.32	596.683834548473
0.33	647.2832087300379
0.33999999999999997	665.0064586991074
0.35	674.8955996147166
0.36	682.3500790399574
0.37	688.4810836150269
0.38	693.5374962492178
0.39	697.5986395607061
0.4	700.7113025176172
0.41000000000000003	702.9164916613729
0.42000000000000004	704.2544566918338
0.43000000000000005	704.7654681861108
0.44	704.4897858083899
0.45	703.4674905018484
0.46	701.7383108119004
0.47000000000000003	699.3414669882224
0.48000000000000004	696.315535766468
0.49	692.6983347881397
0.5	688.5268249609492
0.51	683.8370290445424
0.52	678.6639648467872
0.53	673.0415915367455
0.54	667.0027676972699
0.55	660.5792198532481
0.56	653.8015203161452
0.5700000000000001	646.6990732848975
0.5800000000000001	639.3001082352729
0.5900000000000001	631.631679715525
0.6000000000000001	623.7196727466046
0.6100000000000001	615.5888130981098
0.6200000000000001	607.2626817808227
0.63	598.763733158582
0.64	590.113316140988
0.65	581.3316979720702
0.66	572.4380901786818
0.67	563.4506762875064
0.68	554.3866409612184
0.6900000000000001	545.2622002411334
0.7	536.0926326188836
0.71	526.8923106908246
0.72	517.6747331764661
0.73	508.45255710955706
0.74	499.23763003305857
0.75	490.04102205050845
0.76	480.8730576061447
0.77	471.7433468829957
0.7799999999999999	462.66081672398633
0.7899999999999999	453.6337409956462
0.7999999999999999	444.6697703261587
0.8099999999999999	435.7759611610227
0.82	426.9588040901474
0.83	418.2242514092368
0.84	409.5777438856157
0.85	401.0242367073194
0.86	392.5682245994608
0.87	384.21376609809914
0.88	375.9645069768275
0.89	367.8237028251436
0.9	359.7942407826907
0.9099999999999999	351.87866043500406
0.9199999999999999	344.07917388105074
0.9299999999999999	336.39768498410336
0.94	328.83580782010745
0.95	321.3948843393812
0.96	314.0760012588983
0.97	306.88000620373504
0.98	299.8075231171824
0.99	292.85896695963254
1.	286.03455771736134
1.01	279.33433374228093
1.02	272.75816444428153
1.03	266.3057623578599
1.04	259.9766946047596
1.05	253.77039377434744
1.06	247.68616824308532
1.07	241.72321195461447
1.08	235.88061368129544
1.09	230.1573657879344
1.1	224.55237251795484
1.11	219.06445782186609
1.12	213.69237274750188
1.13	208.43480241065805
1.1400000000000001	203.29037256504563
1.1500000000000001	198.25765578883073
1.1600000000000001	193.33517730560234
1.1700000000000002	188.52142045630947
1.1800000000000002	183.81483183852887
1.1900000000000002	179.21382612881217
1.2000000000000002	174.71679060309094
1.2100000000000002	170.32208937012527
1.2200000000000002	166.0280673317747
1.2300000000000002	161.8330538836913
1.2400000000000002	157.73536636977093
1.2500000000000002	153.7333133024512
1.2600000000000002	149.82519736124684
1.27	146.00931818085812
1.2800000000000002	142.28397494002024
1.29	138.64746876155417
1.3	135.09810493385507
1.31	131.63419496357596
1.32	128.25405846847605
1.33	124.95602491970861
1.34	121.73843524157378
1.35	118.59964327714127
1.36	115.53801712713336
1.37	112.55194036967616
1.3800000000000001	109.63981316768133
1.3900000000000001	106.80005327052083
1.4000000000000001	104.03109691650694
1.4100000000000001	101.33139964190327
1.42	98.69943700238026
1.4300000000000002	96.13370521233168
1.44	93.63272170705872
1.4500000000000002	91.19502563288583
1.4600000000000002	88.81917826974855
1.4700000000000002	86.50376339070422
1.4800000000000002	84.24738756247521
1.4900000000000002	82.04868039103111
1.5000000000000002	79.90629471598619
1.5100000000000002	77.81890675720997
1.5200000000000002	75.78521621716295
1.5300000000000002	73.80394634202996
1.5400000000000003	71.87384394467095
1.5500000000000003	69.9936793922092
1.5600000000000003	68.16224656095542
1.5700000000000003	66.3783627611229
1.58	64.64086863376333
1.5900000000000003	62.94862802220732
1.6	61.0137293784914
1.61	59.695477797052874
1.62	58.132410407316364
1.6300000000000001	56.610280577013555
1.6400000000000001	55.12806547793792
1.6500000000000001	53.68476428561054
1.6600000000000001	52.27939792435654
1.6700000000000002	50.91100880056644
1.6800000000000002	49.57866052543707
1.6900000000000002	48.2814376283837
1.7000000000000002	47.01844526224669
1.7100000000000002	45.78880890134056
1.7200000000000002	44.59167403336039
1.73	43.42620584594921
1.7400000000000002	42.291588908993965
1.7500000000000002	41.18702685316522
1.7600000000000002	40.11174204571555
1.7700000000000002	39.06497526404434
1.7800000000000002	38.045985367709605
1.7900000000000003	37.05404896954241
1.8000000000000003	36.08846010631919
1.8100000000000003	35.148529909614226
1.8200000000000003	34.23358627715718
1.8300000000000003	33.342973545266545
1.8400000000000003	32.47605216267538
1.8500000000000003	31.632198366140482
1.8600000000000003	30.810803858189164
1.87	30.011275487232773
1.8800000000000003	29.233034930476528
1.8900000000000001	28.475518379682754
1.9000000000000001	27.738176230211668
1.9100000000000001	27.02047277340501
1.9200000000000002	26.32188589256957
1.9300000000000002	25.641906762729224
1.9400000000000002	24.98003955424055
1.9500000000000002	24.33580114047541
1.9600000000000002	23.708720809634503
1.9700000000000002	23.09833998083239
1.9800000000000002	22.504211924486974
1.9900000000000002	21.925901487147108
2.	21.362984820783314
2.0100000000000002	20.81504911660254
2.02	20.28169234342738
2.03	19.76252299066915
2.0399999999999996	19.25715981591397
2.05	18.76523159713581
2.0599999999999996	18.28637688955145
2.07	17.8202437870863
2.0799999999999996	17.36648968847017
2.09	16.92478106795759
2.0999999999999996	16.49479325059893
2.11	16.07621019208722
2.1199999999999997	15.66872426315087
2.13	15.2720360384067
2.1399999999999997	14.8858540896845
2.15	14.50989478377891
2.1599999999999997	14.14388208453696
2.17	13.78754735928706
2.1799999999999997	13.44062918952775
2.19	13.10287318582817
2.1999999999999997	12.77403180689675
2.21	12.45386418272771
2.2199999999999998	12.14213594182006
2.23	11.83861904235397
2.2399999999999998	11.54309160729755
2.25	11.25533776336723
2.26	10.97514748378822
2.27	10.7023164347732
2.28	10.43664582567213
2.29	10.17794226273233
2.3	9.92601760637194
2.31	9.68068883193962
2.32	9.4417778938712
2.33	9.20911159318517
2.34	8.98252144825226
2.35	8.76184356877158
2.36	8.54691853289098
2.37	8.33759126740566
2.38	8.133710930972
2.39	7.93513080027184
2.4	7.74170815907018
2.41	7.55330419009086
2.42	7.36978386966293
2.43	7.19101586507313
2.44	7.01687243456069
2.45	6.84722932988782
2.46	6.68196570145567
2.47	6.52096400586947
2.48	6.36410991592424
2.49	6.21129223295139
2.5	6.06240280145304
2.5100000000000002	5.91733642599299
2.52	5.77599079027671
2.5300000000000002	5.63826637837217
2.54	5.50406639802003
2.5500000000000003	5.37329670598511
2.56	5.24586573538834
2.5700000000000003	5.12168442499034
2.58	5.00066615036178
2.5900000000000003	4.88272665689375
2.6	4.76778399462199
2.6100000000000003	4.65575845479141
2.62	4.54657250813847
2.6300000000000003	4.440150744841938
2.64	4.336419816096902
2.6500000000000004	4.23530837727003
2.66	4.136747032603289
2.6700000000000004	4.040668281418132
2.68	3.947006465785626
2.6900000000000004	3.855697719625965
2.7	3.766679919191706
2.7100000000000004	3.679892634913767
2.72	3.595277084559845
2.73	3.512776087678886
2.7399999999999998	3.432334021296331
2.75	3.353896776825775
2.76	3.277411718168591
2.77	3.202827640961171
2.78	3.130094732954743
2.79	3.059164535479615
2.8	2.989989905977792
2.81	2.922524981571772
2.82	2.856725143640148
2.83	2.792546983372115
2.84	2.729948268279368
2.85	2.668887909634713
2.86	2.609325930814476
2.87	2.551223436521155
2.88	2.494542582857114
2.89	2.439246548235445
2.9	2.385299505097289
2.91	2.332666592413755
2.92	2.281313888958436
2.93	2.231208387321718
2.94	2.182317968647119
2.95	2.134611378076494
2.96	2.08805820087737
2.97	2.042628839235428
2.98	1.998294489696921
2.99	1.955027121239354
3.	1.912799453954949